75 0
C	1.266	0	0
C	-1.266	0	0
H	2.305	1.8	0
H	2.305	-1.8	0
H	-2.305	1.8	0
H	-2.305	-1.8	0
C	1.266	0	1000
C	-1.266	0	1000
H	2.305	1.8	1000
H	2.305	-1.8	1000
H	-2.305	1.8	1000
H	-2.305	-1.8	1000
C	1.266	0	2000
C	-1.266	0	2000
H	2.305	1.8	2000
H	2.305	-1.8	2000
H	-2.305	1.8	2000
H	-2.305	-1.8	2000
C	1.266	0	3000
C	-1.266	0	3000
H	2.305	1.8	3000
H	2.305	-1.8	3000
H	-2.305	1.8	3000
H	-2.305	-1.8	3000
C	1.266	0	4000
C	-1.266	0	4000
H	2.305	1.8	4000
H	2.305	-1.8	4000
H	-2.305	1.8	4000
H	-2.305	-1.8	4000
C	1.266	0	5000
C	-1.266	0	5000
H	2.305	1.8	5000
H	2.305	-1.8	5000
H	-2.305	1.8	5000
H	-2.305	-1.8	5000
C	1.266	0	6000
C	-1.266	0	6000
H	2.305	1.8	6000
H	2.305	-1.8	6000
H	-2.305	1.8	6000
H	-2.305	-1.8	6000
C	1.266	0	7000
C	-1.266	0	7000
H	2.305	1.8	7000
H	2.305	-1.8	7000
H	-2.305	1.8	7000
H	-2.305	-1.8	7000
C	1.266	0	8000
C	-1.266	0	8000
H	2.305	1.8	8000
H	2.305	-1.8	8000
H	-2.305	1.8	8000
H	-2.305	-1.8	8000
C	1.266	0	9000
C	-1.266	0	9000
H	2.305	1.8	9000
H	2.305	-1.8	9000
H	-2.305	1.8	9000
H	-2.305	-1.8	9000
C	1.266	0	10000
C	-1.266	0	10000
H	2.305	1.8	10000
H	2.305	-1.8	10000
H	-2.305	1.8	10000
H	-2.305	-1.8	10000
C	1.266	0	11000
C	-1.266	0	11000
H	2.305	1.8	11000
H	2.305	-1.8	11000
H	-2.305	1.8	11000
H	-2.305	-1.8	11000
C	1.266	0	12000
C	-1.266	0	12000
H	2.305	1.8	12000
H	2.305	-1.8	12000
H	-2.305	1.8	12000
H	-2.305	-1.8	12000
C	1.266	0	13000
C	-1.266	0	13000
H	2.305	1.8	13000
H	2.305	-1.8	13000
H	-2.305	1.8	13000
H	-2.305	-1.8	13000
C	1.266	0	14000
C	-1.266	0	14000
H	2.305	1.8	14000
H	2.305	-1.8	14000
H	-2.305	1.8	14000
H	-2.305	-1.8	14000
C	1.266	0	15000
C	-1.266	0	15000
H	2.305	1.8	15000
H	2.305	-1.8	15000
H	-2.305	1.8	15000
H	-2.305	-1.8	15000
C	1.266	0	16000
C	-1.266	0	16000
H	2.305	1.8	16000
H	2.305	-1.8	16000
H	-2.305	1.8	16000
H	-2.305	-1.8	16000
C	1.266	0	17000
C	-1.266	0	17000
H	2.305	1.8	17000
H	2.305	-1.8	17000
H	-2.305	1.8	17000
H	-2.305	-1.8	17000
C	1.266	0	18000
C	-1.266	0	18000
H	2.305	1.8	18000
H	2.305	-1.8	18000
H	-2.305	1.8	18000
H	-2.305	-1.8	18000
C	1.266	0	19000
C	-1.266	0	19000
H	2.305	1.8	19000
H	2.305	-1.8	19000
H	-2.305	1.8	19000
H	-2.305	-1.8	19000
C	1.266	0	20000
C	-1.266	0	20000
H	2.305	1.8	20000
H	2.305	-1.8	20000
H	-2.305	1.8	20000
H	-2.305	-1.8	20000
C	1.266	0	21000
C	-1.266	0	21000
H	2.305	1.8	21000
H	2.305	-1.8	21000
H	-2.305	1.8	21000
H	-2.305	-1.8	21000
C	1.266	0	22000
C	-1.266	0	22000
H	2.305	1.8	22000
H	2.305	-1.8	22000
H	-2.305	1.8	22000
H	-2.305	-1.8	22000
C	1.266	0	23000
C	-1.266	0	23000
H	2.305	1.8	23000
H	2.305	-1.8	23000
H	-2.305	1.8	23000
H	-2.305	-1.8	23000
C	1.266	0	24000
C	-1.266	0	24000
H	2.305	1.8	24000
H	2.305	-1.8	24000
H	-2.305	1.8	24000
H	-2.305	-1.8	24000
C	1.266	0	25000
C	-1.266	0	25000
H	2.305	1.8	25000
H	2.305	-1.8	25000
H	-2.305	1.8	25000
H	-2.305	-1.8	25000
C	1.266	0	26000
C	-1.266	0	26000
H	2.305	1.8	26000
H	2.305	-1.8	26000
H	-2.305	1.8	26000
H	-2.305	-1.8	26000
C	1.266	0	27000
C	-1.266	0	27000
H	2.305	1.8	27000
H	2.305	-1.8	27000
H	-2.305	1.8	27000
H	-2.305	-1.8	27000
C	1.266	0	28000
C	-1.266	0	28000
H	2.305	1.8	28000
H	2.305	-1.8	28000
H	-2.305	1.8	28000
H	-2.305	-1.8	28000
C	1.266	0	29000
C	-1.266	0	29000
H	2.305	1.8	29000
H	2.305	-1.8	29000
H	-2.305	1.8	29000
H	-2.305	-1.8	29000
C	1.266	0	30000
C	-1.266	0	30000
H	2.305	1.8	30000
H	2.305	-1.8	30000
H	-2.305	1.8	30000
H	-2.305	-1.8	30000
C	1.266	0	31000
C	-1.266	0	31000
H	2.305	1.8	31000
H	2.305	-1.8	31000
H	-2.305	1.8	31000
H	-2.305	-1.8	31000
C	1.266	0	32000
C	-1.266	0	32000
H	2.305	1.8	32000
H	2.305	-1.8	32000
H	-2.305	1.8	32000
H	-2.305	-1.8	32000
C	1.266	0	33000
C	-1.266	0	33000
H	2.305	1.8	33000
H	2.305	-1.8	33000
H	-2.305	1.8	33000
H	-2.305	-1.8	33000
C	1.266	0	34000
C	-1.266	0	34000
H	2.305	1.8	34000
H	2.305	-1.8	34000
H	-2.305	1.8	34000
H	-2.305	-1.8	34000
C	1.266	0	35000
C	-1.266	0	35000
H	2.305	1.8	35000
H	2.305	-1.8	35000
H	-2.305	1.8	35000
H	-2.305	-1.8	35000
C	1.266	0	36000
C	-1.266	0	36000
H	2.305	1.8	36000
H	2.305	-1.8	36000
H	-2.305	1.8	36000
H	-2.305	-1.8	36000
C	1.266	0	37000
C	-1.266	0	37000
H	2.305	1.8	37000
H	2.305	-1.8	37000
H	-2.305	1.8	37000
H	-2.305	-1.8	37000
C	1.266	0	38000
C	-1.266	0	38000
H	2.305	1.8	38000
H	2.305	-1.8	38000
H	-2.305	1.8	38000
H	-2.305	-1.8	38000
C	1.266	0	39000
C	-1.266	0	39000
H	2.305	1.8	39000
H	2.305	-1.8	39000
H	-2.305	1.8	39000
H	-2.305	-1.8	39000
C	1.266	0	40000
C	-1.266	0	40000
H	2.305	1.8	40000
H	2.305	-1.8	40000
H	-2.305	1.8	40000
H	-2.305	-1.8	40000
C	1.266	0	41000
C	-1.266	0	41000
H	2.305	1.8	41000
H	2.305	-1.8	41000
H	-2.305	1.8	41000
H	-2.305	-1.8	41000
C	1.266	0	42000
C	-1.266	0	42000
H	2.305	1.8	42000
H	2.305	-1.8	42000
H	-2.305	1.8	42000
H	-2.305	-1.8	42000
C	1.266	0	43000
C	-1.266	0	43000
H	2.305	1.8	43000
H	2.305	-1.8	43000
H	-2.305	1.8	43000
H	-2.305	-1.8	43000
C	1.266	0	44000
C	-1.266	0	44000
H	2.305	1.8	44000
H	2.305	-1.8	44000
H	-2.305	1.8	44000
H	-2.305	-1.8	44000
C	1.266	0	45000
C	-1.266	0	45000
H	2.305	1.8	45000
H	2.305	-1.8	45000
H	-2.305	1.8	45000
H	-2.305	-1.8	45000
C	1.266	0	46000
C	-1.266	0	46000
H	2.305	1.8	46000
H	2.305	-1.8	46000
H	-2.305	1.8	46000
H	-2.305	-1.8	46000
C	1.266	0	47000
C	-1.266	0	47000
H	2.305	1.8	47000
H	2.305	-1.8	47000
H	-2.305	1.8	47000
H	-2.305	-1.8	47000
C	1.266	0	48000
C	-1.266	0	48000
H	2.305	1.8	48000
H	2.305	-1.8	48000
H	-2.305	1.8	48000
H	-2.305	-1.8	48000
C	1.266	0	49000
C	-1.266	0	49000
H	2.305	1.8	49000
H	2.305	-1.8	49000
H	-2.305	1.8	49000
H	-2.305	-1.8	49000