100 0
H -15.1667 6.4792 0
H -10.3333 6.3958 0
H -15.6667 2.7292 0
H -4.5833 1.9375 0
H -2.6667 6.2708 0
H -13.5833 -5.3125 0
H -0.2917 -6.0208 0
H 5.5 0.2708 0
H -5.75 -1.6458 0
H -16.1667 -1.5208 0
H -19.0833 5.0208 0
H -10.625 2.0208 0
H -7.2083 -6.8958 0
H 1.7083 2.6875 0
H 8.4167 6.7292 0
H 13.4583 1.3958 0
H 9.1667 -5.7292 0
H 13.375 7.7292 0
H 18.9583 -3.8542 0
H 13.1667 -8.0208 0
H 11.375 -1.4792 0
H 3.125 7.2708 0
H 3.5417 -6.0208 0
H -0.5417 -0.8958 0
H -7 5.4792 0
H -10.4583 -3.5625 0
H -13.5833 0.3958 0
H -18.625 -4.6042 0
H -19 1.0625 0
H -8.9583 -0.4792 0
H 16.9583 2.8958 0
H 16.5833 -1.2708 0
H 8.9167 1.1875 0
H 7.5833 -1.0625 0
H 11.0417 6.5625 0
H 11.3333 4.2708 0
H 4.25 4.9375 0
H 2.0833 4.7292 0
H -2.125 4.6042 0
H -2.125 1.9375 0
H -12.7917 4.5625 0
H -10 4.2708 0
H -11.6667 -7.0625 0
H -8.7083 -5.1875 0
H -20.125 -1.3125 0
H -20.1667 -4.0625 0
H -3.7083 -4.2292 0
H 0.375 -3.1875 0
H 1.4583 -7.6875 0
H 5.5833 -7.8958 0
H 5.7917 -4.2708 0
H 4 -2.1875 0
H -115.2917 18.6667 0
H -110.4583 18.5833 0
H -115.7917 14.9167 0
H -104.7083 14.125 0
H -102.7917 18.4583 0
H -113.7083 6.875 0
H -94.625 12.4583 0
H -105.875 10.5417 0
H -116.2917 10.6667 0
H -119.2083 17.2083 0
H -110.75 14.2083 0
H -107.3333 5.2917 0
H -98.4167 14.875 0
H -91.7083 18.9167 0
H -86.6667 13.5833 0
H -90.9583 6.4583 0
H -86.75 19.9167 0
H -81.1667 8.3333 0
H -86.9583 4.1667 0
H -88.75 10.7083 0
H -97 19.4583 0
H -96.5833 6.1667 0
H -100.6667 11.2917 0
H -107.125 17.6667 0
H -113.7083 12.5833 0
H -118.75 7.5833 0
H -119.125 13.25 0
H -109.0833 11.7083 0
H -83.1667 15.0833 0
H -83.5417 10.9167 0
H -91.2083 13.375 0
H -92.5417 11.125 0
H -89.0833 18.75 0
H -88.7917 16.4583 0
H -95.875 17.125 0
H -98.0417 16.9167 0
H -102.25 14.125 0
H -112.9167 16.75 0
H -110.125 16.4583 0
H -111.7917 5.125 0
H -108.8333 7 0
H -120.25 10.875 0
H -120.2917 8.125 0
H -103.8333 7.9583 0
H -99.75 9 0
H -98.6667 4.5 0
H -94.5417 4.2917 0
H -94.3333 7.9167 0