572 0
H -15.1667 6.4792 0
H -10.3333 6.3958 0
H -15.6667 2.7292 0
H -4.5833 1.9375 0
H -2.6667 6.2708 0
H -13.5833 -5.3125 0
H -0.2917 -6.0208 0
H 5.5 0.2708 0
H -5.75 -1.6458 0
H -16.1667 -1.5208 0
H -19.0833 5.0208 0
H -10.625 2.0208 0
H -7.2083 -6.8958 0
H 1.7083 2.6875 0
H 8.4167 6.7292 0
H 13.4583 1.3958 0
H 9.1667 -5.7292 0
H 13.375 7.7292 0
H 18.9583 -3.8542 0
H 13.1667 -8.0208 0
H 11.375 -1.4792 0
H 3.125 7.2708 0
H 3.5417 -6.0208 0
H -0.5417 -0.8958 0
H -7 5.4792 0
H -10.4583 -3.5625 0
H -13.5833 0.3958 0
H -18.625 -4.6042 0
H -19 1.0625 0
H -8.9583 -0.4792 0
H 16.9583 2.8958 0
H 16.5833 -1.2708 0
H 8.9167 1.1875 0
H 7.5833 -1.0625 0
H 11.0417 6.5625 0
H 11.3333 4.2708 0
H 4.25 4.9375 0
H 2.0833 4.7292 0
H -2.125 4.6042 0
H -2.125 1.9375 0
H -12.7917 4.5625 0
H -10 4.2708 0
H -11.6667 -7.0625 0
H -8.7083 -5.1875 0
H -20.125 -1.3125 0
H -20.1667 -4.0625 0
H -3.7083 -4.2292 0
H 0.375 -3.1875 0
H 1.4583 -7.6875 0
H 5.5833 -7.8958 0
H 5.7917 -4.2708 0
H 4 -2.1875 0
H -115.2917 18.6667 0
H -110.4583 18.5833 0
H -115.7917 14.9167 0
H -104.7083 14.125 0
H -102.7917 18.4583 0
H -113.7083 6.875 0
H -94.625 12.4583 0
H -105.875 10.5417 0
H -116.2917 10.6667 0
H -119.2083 17.2083 0
H -110.75 14.2083 0
H -107.3333 5.2917 0
H -98.4167 14.875 0
H -91.7083 18.9167 0
H -86.6667 13.5833 0
H -90.9583 6.4583 0
H -86.75 19.9167 0
H -81.1667 8.3333 0
H -86.9583 4.1667 0
H -88.75 10.7083 0
H -97 19.4583 0
H -96.5833 6.1667 0
H -100.6667 11.2917 0
H -107.125 17.6667 0
H -113.7083 12.5833 0
H -118.75 7.5833 0
H -119.125 13.25 0
H -109.0833 11.7083 0
H -83.1667 15.0833 0
H -83.5417 10.9167 0
H -91.2083 13.375 0
H -92.5417 11.125 0
H -89.0833 18.75 0
H -88.7917 16.4583 0
H -95.875 17.125 0
H -98.0417 16.9167 0
H -102.25 14.125 0
H -112.9167 16.75 0
H -110.125 16.4583 0
H -111.7917 5.125 0
H -108.8333 7 0
H -120.25 10.875 0
H -120.2917 8.125 0
H -103.8333 7.9583 0
H -99.75 9 0
H -98.6667 4.5 0
H -94.5417 4.2917 0
H -94.3333 7.9167 0
H -96.125 10 0
H 7.6923 31.0774 0
H 4.5201 34.725 0
H 10.8136 33.215 0
H 3.9857 41.9813 0
H -0.517 40.5061 0
H 15.3957 40.1442 0
H 7.0283 50.4958 0
H -1.5227 50.5899 0
H 7.4293 43.512 0
H 14.3066 35.6873 0
H 11.3968 29.1425 0
H 7.9665 37.4357 0
H 12.3067 45.9412 0
H -0.7816 46.155 0
H -8.2739 48.4359 0
H -7.6839 55.7513 0
H 0.4826 57.3295 0
H -12.3348 51.4515 0
H -7.4627 63.3515 0
H -0.4908 61.8355 0
H -4.1534 56.1268 0
H -5.1356 44.141 0
H 4.4633 53.3445 0
H 3.3869 46.8807 0
H 2.9708 37.8155 0
H 12.0042 41.2955 0
H 11.1536 36.3246 0
H 18.2429 35.9235 0
H 14.2826 31.8531 0
H 8.7091 40.3471 0
H -11.1406 57.3486 0
H -7.7933 59.858 0
H -4.4902 52.5156 0
H -1.9259 53.0303 0
H -9.9065 50.4982 0
H -8.3986 52.2484 0
H -4.1543 46.5383 0
H -2.5497 45.0676 0
H 0.3591 42.0238 0
H 2.3408 43.8082 0
H 7.5274 34.1248 0
H 5.8762 36.3946 0
H 15.4137 42.7395 0
H 12.0408 43.6834 0
H 16.8004 32.6062 0
H 18.8719 34.4154 0
H 7.983 46.7578 0
H 4.4766 49.0953 0
H 7.0959 52.9115 0
H 4.4905 56.1164 0
H 1.6572 53.8456 0
H 1.3078 51.1201 0
H -100.4167 6.1667 0
H -102.25 16.7917 0
H -54.0417 29.5 0
H -49.2083 29.4167 0
H -54.5417 25.75 0
H -43.4583 24.9583 0
H -41.5417 29.2917 0
H -52.4583 17.7083 0
H -39.1667 17 0
H -33.375 23.2917 0
H -44.625 21.375 0
H -55.0417 21.5 0
H -57.9583 28.0417 0
H -49.5 25.0417 0
H -46.0833 16.125 0
H -37.1667 25.7083 0
H -30.4583 29.75 0
H -25.4167 24.4167 0
H -29.7083 17.2917 0
H -25.5 30.75 0
H -19.9167 19.1667 0
H -25.7083 15 0
H -27.5 21.5417 0
H -35.75 30.2917 0
H -35.3333 17 0
H -39.4167 22.125 0
H -45.875 28.5 0
H -49.3333 19.4583 0
H -52.4583 23.4167 0
H -57.5 18.4167 0
H -57.875 24.0833 0
H -47.8333 22.5417 0
H -21.9167 25.9167 0
H -22.2917 21.75 0
H -29.9583 24.2083 0
H -31.2917 21.9583 0
H -27.8333 29.5833 0
H -27.5417 27.2917 0
H -34.625 27.9583 0
H -36.7917 27.75 0
H -41 27.625 0
H -41 24.9583 0
H -51.6667 27.5833 0
H -48.875 27.2917 0
H -50.5417 15.9583 0
H -47.5833 17.8333 0
H -59 21.7083 0
H -59.0417 18.9583 0
H -42.5833 18.7917 0
H -38.5 19.8333 0
H -37.4167 15.3333 0
H -33.2917 15.125 0
H -33.0833 18.75 0
H -34.875 20.8333 0
H -110.5833 8.625 0
H -89.924 -11.1127 0
H -85.0907 -11.1961 0
H -90.424 -14.8627 0
H -79.3407 -15.6544 0
H -77.424 -11.3211 0
H -88.3407 -22.9044 0
H -75.049 -23.6127 0
H -69.2574 -17.3211 0
H -80.5074 -19.2377 0
H -90.924 -19.1127 0
H -93.8407 -12.5711 0
H -85.3824 -15.5711 0
H -81.9657 -24.4877 0
H -73.049 -14.9044 0
H -66.3407 -10.8627 0
H -61.299 -16.1961 0
H -65.5907 -23.3211 0
H -61.3824 -9.8627 0
H -55.799 -21.4461 0
H -61.5907 -25.6127 0
H -63.3824 -19.0711 0
H -71.6324 -10.3211 0
H -71.2157 -23.6127 0
H -75.299 -18.4877 0
H -81.7574 -12.1127 0
H -85.2157 -21.1544 0
H -88.3407 -17.1961 0
H -93.3824 -22.1961 0
H -93.7574 -16.5294 0
H -83.7157 -18.0711 0
H -57.799 -14.6961 0
H -58.174 -18.8627 0
H -65.8407 -16.4044 0
H -67.174 -18.6544 0
H -63.7157 -11.0294 0
H -63.424 -13.3211 0
H -70.5074 -12.6544 0
H -72.674 -12.8627 0
H -76.8824 -12.9877 0
H -76.8824 -15.6544 0
H -87.549 -13.0294 0
H -84.7574 -13.3211 0
H -86.424 -24.6544 0
H -83.4657 -22.7794 0
H -94.8824 -18.9044 0
H -94.924 -21.6544 0
H -78.4657 -21.8211 0
H -74.3824 -20.7794 0
H -73.299 -25.2794 0
H -69.174 -25.4877 0
H -68.9657 -21.8627 0
H -70.7574 -19.7794 0
H -113.7366 84.7106 0
H -108.9033 84.6273 0
H -114.2366 80.9606 0
H -103.1533 80.1689 0
H -101.2366 84.5023 0
H -112.1533 72.9189 0
H -98.8616 72.2106 0
H -93.07 78.5023 0
H -104.32 76.5856 0
H -114.7366 76.7106 0
H -117.6533 83.2523 0
H -109.195 80.2523 0
H -105.7783 71.3356 0
H -96.8616 80.9189 0
H -90.1533 84.9606 0
H -85.1116 79.6273 0
H -89.4033 72.5023 0
H -85.195 85.9606 0
H -79.6116 74.3773 0
H -85.4033 70.2106 0
H -87.195 76.7523 0
H -95.445 85.5023 0
H -95.0283 72.2106 0
H -99.1116 77.3356 0
H -105.57 83.7106 0
H -109.0283 74.6689 0
H -112.1533 78.6273 0
H -117.195 73.6273 0
H -117.57 79.2939 0
H -107.5283 77.7523 0
H -81.6116 81.1273 0
H -81.9866 76.9606 0
H -89.6533 79.4189 0
H -90.9866 77.1689 0
H -87.5283 84.7939 0
H -87.2366 82.5023 0
H -94.32 83.1689 0
H -96.4866 82.9606 0
H -100.695 82.8356 0
H -100.695 80.1689 0
H -111.3616 82.7939 0
H -108.57 82.5023 0
H -110.2366 71.1689 0
H -107.2783 73.0439 0
H -118.695 76.9189 0
H -118.7366 74.1689 0
H -102.2783 74.0023 0
H -98.195 75.0439 0
H -97.1116 70.5439 0
H -92.9866 70.3356 0
H -92.7783 73.9606 0
H -94.57 76.0439 0
H -234.0372 129.5991 0
H -236.5261 125.455 0
H -237.0348 131.9071 0
H -243.2621 122.7045 0
H -240.4677 118.8779 0
H -245.0408 134.1237 0
H -252.3001 122.967 0
H -249.7471 114.8054 0
H -245.782 125.5065 0
H -240.4654 134.4651 0
H -233.3419 133.7202 0
H -240.1691 127.8951 0
H -249.5995 129.3945 0
H -245.7584 116.8807 0
H -245.6124 109.0503 0
H -252.752 107.3508 0
H -256.7766 114.63 0
H -247.2255 104.2563 0
H -260.0487 105.2126 0
H -260.7613 112.3117 0
H -254.2002 110.5925 0
H -242.4975 113.3622 0
H -254.2167 119.6472 0
H -247.7367 120.621 0
H -238.9866 123.0265 0
H -245.0877 130.5424 0
H -240.0972 131.2695 0
H -241.9065 138.1358 0
H -236.8115 135.6272 0
H -243.1675 127.7017 0
H -253.203 103.5697 0
H -256.6239 105.9778 0
H -250.6616 111.3881 0
H -251.9435 113.6678 0
H -247.0692 106.8603 0
H -249.1997 107.7536 0
H -245.0807 113.5546 0
H -244.1778 115.5351 0
H -242.1819 119.2422 0
H -244.4913 120.5755 0
H -236.8846 128.5006 0
H -238.533 126.2288 0
H -247.5147 133.3388 0
H -247.37 129.8393 0
H -238.3059 137.789 0
H -240.6666 139.2 0
H -249.0401 125.03 0
H -250.1797 120.9729 0
H -254.6184 122.2847 0
H -256.8614 118.8166 0
H -253.8262 116.8236 0
H -251.1261 117.3336 0
H -173.4201 210.2161 0
H -175.9089 206.072 0
H -176.4176 212.5241 0
H -182.6449 203.3215 0
H -179.8505 199.495 0
H -184.4236 214.7408 0
H -189.13 195.4224 0
H -185.1648 206.1236 0
H -179.8483 215.0822 0
H -172.7247 214.3372 0
H -179.5519 208.5121 0
H -188.9823 210.0115 0
H -185.1412 197.4978 0
H -184.9952 189.6674 0
H -192.1348 187.9678 0
H -196.1594 195.247 0
H -186.6084 184.8733 0
H -199.4315 185.8297 0
H -200.1441 192.9287 0
H -193.583 191.2095 0
H -181.8803 193.9792 0
H -193.5995 200.2642 0
H -187.1195 201.238 0
H -178.3694 203.6436 0
H -179.48 211.8866 0
H -181.2893 218.7528 0
H -176.1944 216.2442 0
H -182.5503 208.3187 0
H -192.5858 184.1867 0
H -196.0068 186.5948 0
H -190.0444 192.0052 0
H -191.3263 194.2849 0
H -186.4521 187.4774 0
H -188.5825 188.3706 0
H -184.4635 194.1716 0
H -183.5606 196.1522 0
H -183.8741 201.1925 0
H -176.2674 209.1177 0
H -177.9159 206.8458 0
H -186.8975 213.9559 0
H -186.7529 210.4564 0
H -177.6887 218.406 0
H -180.0494 219.8171 0
H -188.4229 205.6471 0
H -189.5625 201.59 0
H -194.0012 202.9018 0
H -196.2442 199.4336 0
H -193.209 197.4407 0
H -190.5089 197.9506 0
H -224.164 97.5036 0
H -219.419 98.427 0
H -223.8734 93.7316 0
H -212.8677 95.2616 0
H -211.8939 99.8987 0
H -220.1637 86.2988 0
H -207.0152 88.3694 0
H -202.6582 95.7277 0
H -213.2639 91.514 0
H -223.4789 89.4705 0
H -227.6919 95.2628 0
H -218.7947 94.0869 0
H -213.5988 86.0755 0
H -206.8695 97.3033 0
H -201.148 102.6514 0
H -195.1077 98.4828 0
H -197.8242 90.6212 0
H -196.506 104.6604 0
H -188.6363 94.491 0
H -193.4351 89.2113 0
H -196.5477 95.2375 0
H -206.4367 102.081 0
H -203.2656 89.1664 0
H -208.3253 93.3304 0
H -215.9679 98.2234 0
H -217.4708 88.6603 0
H -221.3505 91.8824 0
H -225.2424 85.9434 0
H -226.7874 91.4083 0
H -216.6447 91.9881 0
H -191.996 100.6777 0
H -191.4965 96.5241 0
H -199.5068 97.3348 0
H -200.3432 94.8567 0
H -198.5458 103.0341 0
H -197.784 100.8532 0
H -204.8511 100.0325 0
H -206.9272 99.3783 0
H -211.0175 98.3811 0
H -210.4631 95.7727 0
H -221.4424 96.1226 0
H -218.6511 96.4177 0
H -217.9251 84.9855 0
H -215.4212 87.4346 0
H -227.394 88.8513 0
H -226.863 86.1527 0
H -210.7297 89.4116 0
H -206.9522 91.2794 0
H -204.9569 87.103 0
H -200.8788 87.7569 0
H -201.4286 91.346 0
H -203.6143 93.0113 0
H -191.6829 203.584 0
H -181.5647 199.8592 0
H -194.6631 151.7554 0
H -197.1519 147.6113 0
H -197.6607 154.0634 0
H -203.888 144.8608 0
H -201.0935 141.0343 0
H -205.6667 156.28 0
H -212.9259 145.1233 0
H -210.373 136.9617 0
H -206.4079 147.6628 0
H -201.0913 156.6214 0
H -193.9677 155.8765 0
H -200.795 150.0514 0
H -210.2254 151.5508 0
H -206.3843 139.0371 0
H -206.2383 131.2066 0
H -213.3779 129.5071 0
H -217.4025 136.7863 0
H -207.8514 126.4126 0
H -220.6745 127.369 0
H -221.3871 134.468 0
H -214.8261 132.7488 0
H -203.1233 135.5185 0
H -214.8426 141.8035 0
H -208.3625 142.7773 0
H -199.6125 145.1829 0
H -205.7136 152.6987 0
H -200.7231 153.4259 0
H -202.5324 160.2921 0
H -197.4374 157.7835 0
H -203.7934 149.858 0
H -213.8289 125.726 0
H -217.2498 128.1341 0
H -211.2875 133.5445 0
H -212.5694 135.8242 0
H -207.6951 129.0167 0
H -209.8256 129.9099 0
H -205.7066 135.7109 0
H -204.8037 137.6915 0
H -202.8077 141.3985 0
H -205.1171 142.7318 0
H -197.5105 150.6569 0
H -199.1589 148.3851 0
H -208.1405 155.4952 0
H -207.9959 151.9957 0
H -198.9317 159.9453 0
H -201.2925 161.3564 0
H -209.666 147.1864 0
H -210.8055 143.1293 0
H -215.2443 144.4411 0
H -217.4872 140.9729 0
H -214.4521 138.98 0
H -211.752 139.4899 0
H -184.4706 211.1594 0
H -117.0018 175.8475 0
H -119.4907 171.7034 0
H -119.9994 178.1555 0
H -126.2267 168.9529 0
H -123.4323 165.1263 0
H -128.0054 180.3721 0
H -135.2647 169.2153 0
H -132.7117 161.0538 0
H -128.7466 171.7549 0
H -123.43 180.7135 0
H -116.3065 179.9686 0
H -123.1337 174.1434 0
H -132.5641 175.6429 0
H -128.723 163.1291 0
H -128.577 155.2987 0
H -135.7166 153.5992 0
H -139.7412 160.8784 0
H -130.1901 150.5047 0
H -143.0133 151.461 0
H -143.7259 158.5601 0
H -137.1648 156.8409 0
H -125.4621 159.6106 0
H -137.1813 165.8956 0
H -130.7013 166.8694 0
H -121.9512 169.2749 0
H -128.0523 176.7908 0
H -123.0618 177.5179 0
H -124.8711 184.3841 0
H -119.7761 181.8756 0
H -126.1321 173.9501 0
H -136.1676 149.8181 0
H -139.5885 152.2262 0
H -133.6262 157.6365 0
H -134.9081 159.9162 0
H -130.0338 153.1087 0
H -132.1643 154.002 0
H -128.0453 159.803 0
H -127.1424 161.7835 0
H -125.1465 165.4906 0
H -127.4559 166.8239 0
H -119.8492 174.749 0
H -121.4976 172.4772 0
H -130.4793 179.5872 0
H -130.3346 176.0877 0
H -121.2705 184.0373 0
H -123.6312 185.4484 0
H -132.0047 171.2784 0
H -133.1443 167.2213 0
H -137.583 168.5331 0
H -139.826 165.0649 0
H -136.7908 163.072 0
H -134.0907 163.582 0
